100
652 934
483 485
4 65
264 672
117 932
231 734
249 414
4 9
4 10
218 694
21 584
21 484
384 742
339 383
274 293
65 122
290 871
399 973
3 6
757 920
65 742
336 960
120 302
1 742
4 4
1 109
65 484
529 626
120 221
3 5
523 918
21 121
91 815
3 4
120 485
9 122
358 599
8 65
9 742
484 484
1 4
66 251
1 302
650 918
121 742
771 859
121 584
1 101
303 584
122 1000
136 818
3 742
1 1000
483 484
121 485
3 109
3 121
122 483
21 302
580 820
1 121
100 1000
756 932
9 485
710 757
7 10
198 438
7 9
9 121
365 924
1 485
121 122
303 485
483 742
8 484
38 720
257 789
311 964
120 742
1 6
1 1
512 554
375 758
121 484
3 9
582 604
7 121
4 302
1 104
9 65
419 463
138 746
65 302
1 2
308 810
10 120
120 484
121 121
175 535
305 420
