100
9 -1 1
14 0 0
20 -3 3
11 -3 1
20 0 4
3 -2 0
10 -3 1
4 1 1
11 1 3
20 807 8221
19 0 0
12 1 3
5 0 4
12 0 8342
6 3 1
1 0 0
15 0 2
11 7136 0
14 1040 0
20 3 3
2 0 0
20 0 0
17 -1 3
5 0 2
4 0 2
1 0 2
14 -2 0
3 2 0
5 7552 7516
4 0 0
8 9825 9853
14 -5796 0
19 -3 3
13 0 2
3 2 0
5 2 0
19 -3 3
11 0 2
6 4 0
17 -6 0
12 2 0
19 1601 3001
4 0 2
17 -5 1
19 -1 1
18 0 0
19 6 0
14 0 1204
20 2304 1200
2 -2 0
5 0 4
8 -8186 0
6 -4 0
16 -1 3
1 0 2
10 -1 3
2 0 2
1 0 0
5 6698 0
13 8090 0
10 0 0
13 2 2
12 -2 2
15 1 3
3 1 1
11 1 1
3 -1 1
11 2394 2070
3 -1 1
18 0 0
7 9075 1205
1 0 2
16 -5 1
8 2 0
1 0 0
8 -4 0
6 -2 2
10 1 3
9 -7438 0
6 -3 1
6 4906 1072
6 0 2
1 2362 0
10 0 0
15 -6 0
9 0 2326
12 3 1
15 0 4
1 1 3
14 -3 1
13 -2 2
19 -6 0
2 339 1709
6 2 0
14 0 4
4 0 0
16 0 0
17 0 4
17 -2802 0
12 -2 2
