100
11 -2 2
10 1 3
3 0 0
18 -6 0
7 4076 1508
5 0 2
5 0 2
17 0 4
19 0 0
17 -2 0
16 0 0
4 2 0
15 0 4
3 6041 711
13 0 0
19 -4 2
3 1 1
5 0 2
3 2 0
9 0 2
13 -1 3
18 4 0
5 0 0
9 -3 1
10 -2 0
13 1 3
3 2 0
18 -5 1
18 -1 3
1 2 0
6 0 2
6 -4 0
2 6442 4176
20 4 0
9 -4 0
14 -4 0
6 7071 2771
5 0 4
8 3 1
19 2 0
15 2 2
10 -3 1
12 0 0
14 2 2
5 -2 0
6 1 1
1 -1 1
9 3 1
1 0 2
1 0 0
19 0 0
4 0 2
20 -2 4
5 2 0
12 0 0
10 0 0
12 617 791
1 0 2
3 0 0
6 -2 0
6 4 0
3 -2 0
20 1 1
17 5758 0
1 1 1
1 5 3
14 0 2
20 0 4
12 -2 2
19 768 8306
16 4202 4004
7 2 2
11 0 0
5 0 4
17 720 0
13 752 8076
19 -6 0
6 0 2
14 858 2634
11 0 2
3 1 1
3 1 1
8 -8898 0
2 0 0
18 -2 0
16 1 3
12 1 3
20 3585 7591
6 4 0
12 0 0
6 -1 1
15 3 1
8 -4 0
19 -3 3
2 -2 0
6 2 0
14 0 4
11 1453 4407
17 7594 5754
19 6 0
