100
18 -6 0
4 -1 1
18 9609 7849
5 0 2
20 -5 1
8 0 0
6 -4 0
6 7851 8919
6 -2 2
12 -4 0
19 -2 2
5 1195 9453
9 4 0
20 2 0
11 9156 7338
15 6 0
1 2 0
19 -3 3
14 -1 1
10 -4 0
15 1 3
4 2 0
19 4277 4567
10 -3 1
17 2 2
10 837 2535
10 0 2
11 0 0
10 3 1
18 6768 0
18 1 3
2 0 2
5 4 0
11 -4 0
13 -2 2
5 2 0
17 -2 0
11 4 0
2 -2 0
3 1 1
1 1 1
1 5 1
5 0 4
17 6 0
5 0 2
20 1 1
9 -2 0
17 2 2
15 0 1984
10 -1 3
10 -2 2
1 0 0
12 -5694 0
10 -3 1
17 6688 922
6 0 2
1 0 2
11 0 2
8 0 5380
1 0 2
14 -1 3
1 0 2
5 -1 1
10 -3 1
16 0 2
2 0 0
16 6 0
2 -2 0
19 -4 2
15 -2 2
2 0 2636
19 -2 0
5 -2 0
13 0 2
15 1 3
12 1 3
13 0 136
2 -2 0
18 6 0
5 0 4
2 -2 0
12 0 7660
18 1 3
12 0 0
19 -3 3
4 0 0
14 0 4
11 -1 3
6 0 2
6 -2 0
13 -4 0
6 0 2
5 2 0
10 -4 0
17 4 0
9 0 0
12 -1 3
15 0 4
16 2 0
12 3 1
