100
3 8
5 6 9 4 8 2 1 7
3 1
2
3 10
2 4 8 16 32 64 100 100 100 100
3 10
1 4 4 4 4 4 4 4 4 4
100 1
100
3 5
11 20 60 22 100
2 10
100 100 100 100 100 100 100 100 100 100
3 5
100 100 100 100 100
3 4
1 6 12 49
2 6
9 64 19 16 81 80
1 10
100 100 100 100 100 100 100 100 100 100
1 10
1 1 1 1 1 1 1 1 1 1
5 4
58 28 49 1
2 6
24 61 83 12 11 4
1 4
2 90 23 65
1 9
76 61 8 86 42 18 41 76 4
1 5
85 3 14 64 77
1 7
28 4 23 56 67 79 3
12 4
24 3 37 24
1 9
21 1 88 41 50 8 58 32 3
1 6
14 64 1 26 4 5
13 5
5 1 92 20 79
4 5
2 95 31 10 1
17 9
69 53 1 3 95 22 39 61 45
20 9
7 2 70 36 70 29 23 78 98
1 9
2 56 21 1 89 86 89 2 1
25 3
45 9 24
4 6
19 1 74 21 1 64
8 4
35 82 95 43
1 7
60 80 6 8 80 7 63
8 9
13 99 21 1 39 52 20 34 6
11 9
8 18 67 35 63 93 1 81 10
1 2
11 99
7 7
1 97 46 1 69 43 73
16 8
2 2 76 26 87 32 33 83
1 1
20
10 8
57 23 52 43 39 1 4 16
13 6
53 3 8 60 4 98
2 3
52 58 48
11 9
27 23 22 34 1 24 64 1 1
1 3
39 24 1
25 4
4 45 94 3
1 9
1 66 4 10 8 1 8 11 82
3 1
44
1 2
26 1
1 9
37 2 6 17 84 17 27 60 13
20 2
5 63
14 1
65
1 1
44
1 2
82 58
1 4
2 1 9 20
1 1
6
20 5
68 39 1 6 9
14 9
24 86 33 34 63 69 6 63 54
21 2
1 12
16 2
44 12
3 2
56 9
8 8
52 53 25 37 51 11 9 13
4 1
53
9 2
60 41
10 7
70 13 63 1 13 3 4
1 9
35 32 1 34 81 86 5 52 1
23 2
1 16
10 3
1 13 1
5 7
21 12 14 3 72 13 17
8 9
19 11 89 99 3 69 69 18 62
1 8
5 17 8 81 61 62 2 69
1 7
1 22 4 44 34 83 1
1 9
93 8 14 23 29 2 23 48 3
1 8
1 23 10 56 54 19 71 49
21 8
15 4 12 1 5 26 4 16
17 6
45 71 91 49 26 38
1 9
1 2 4 97 2 95 8 93 33
21 7
1 42 26 50 31 1 59
3 6
54 19 11 42 11 2
5 8
83 86 80 57 71 62 40 48
1 9
73 12 2 1 2 17 51 3 65
1 7
61 16 89 75 77 1 75
24 3
9 53 1
1 3
6 62 7
9 8
1 81 75 1 14 72 2 2
12 6
97 45 37 1 15 57
17 3
76 82 31
12 7
20 39 36 32 68 2 4
17 6
31 11 69 11 2 42
17 7
33 80 53 9 3 42 26
2 4
30 8 12 13
8 6
4 2 10 63 8 6
19 7
91 60 52 20 13 40 38
7 2
8 66
22 8
33 5 7 3 74 2 41 11
3 8
64 33 5 30 78 12 62 75
1 2
47 9
21 5
34 98 49 25 14
4 3
52 27 24
1 4
32 1 26 12
15 3
24 1 68
9 7
58 90 61 85 7 5 29
1 7
30 79 4 13 11 24 94
21 8
99 19 81 21 36 53 10 13
