1000
97 395
178 719
138 844
21 197
30 892
77 477
178 718
150 606
27 244
85 895
379 759
382 765
321 643
137 275
152 305
1 1000
191 383
191 707
55 861
55 860
55 862
55 887
85 525
85 524
85 526
85 611
81 855
81 854
81 856
81 861
128 257
128 269
415 831
415 864
206 413
206 809
188 377
188 682
319 639
319 827
296 593
296 631
160 321
160 603
240 481
240 866
323 647
323 852
461 923
461 1000
325 651
325 871
440 881
440 949
8 602
8 601
8 603
8 624
95 191
95 347
20 371
20 370
20 372
20 383
282 565
282 743
104 639
104 638
104 640
104 689
1 210
1 209
1 211
1 217
321 643
321 992
48 525
48 524
48 526
48 603
61 381
61 380
61 382
61 428
170 341
170 646
122 494
122 493
122 495
122 570
364 729
364 915
53 218
53 217
53 219
53 227
41 455
41 454
41 456
41 522
40 760
40 759
40 761
40 838
443 887
443 925
174 349
174 684
11 686
11 685
11 687
11 701
267 535
267 801
186 373
186 744
19 180
19 179
19 181
19 208
277 555
277 797
435 871
435 987
115 705
115 704
115 706
115 846
208 417
208 490
7 15
7 24
65 695
65 694
65 696
65 736
237 475
237 560
53 333
53 332
53 334
53 340
154 309
154 372
123 498
123 497
123 499
123 541
103 418
103 417
103 419
103 569
207 415
207 763
336 673
336 824
46 856
46 855
46 857
46 916
253 507
253 541
112 687
112 686
112 688
112 730
197 395
197 641
24 354
24 353
24 355
24 425
43 273
43 272
43 274
43 315
4 940
4 939
4 941
4 992
274 549
274 827
105 645
105 644
105 646
105 755
99 199
99 351
237 475
237 753
355 711
355 922
193 387
193 402
264 529
264 851
24 102
24 101
24 103
24 123
173 347
173 591
211 423
211 457
83 513
83 512
83 514
83 538
12 795
12 794
12 796
12 830
26 803
26 802
26 804
26 893
163 658
163 657
163 659
163 925
231 930
231 929
231 931
231 982
39 340
39 339
39 341
39 353
265 531
265 930
35 486
35 485
35 487
35 522
118 237
118 349
24 949
24 948
24 950
24 999
34 69
34 97
238 477
238 955
38 837
38 836
38 838
38 865
46 735
46 734
46 736
46 835
241 483
241 593
26 455
26 454
26 456
26 471
208 417
208 539
413 827
413 834
67 715
67 714
67 716
67 834
214 429
214 720
338 677
338 823
1 55
130 261
130 334
29 189
29 188
29 190
29 254
173 698
173 697
173 699
173 803
213 427
213 613
188 758
188 757
188 759
188 926
136 550
136 549
136 551
136 574
103 207
103 224
109 900
109 899
109 901
109 939
202 405
202 779
54 585
54 584
54 586
54 693
109 442
109 441
109 443
109 647
52 690
52 689
52 691
52 725
111 356
177 375
21 870
21 872
21 934
1 21
370 947
125 405
342 801
232 883
91 954
91 956
91 974
112 686
112 688
112 717
29 583
29 585
29 636
171 434
220 582
67 273
67 275
67 361
414 872
274 817
65 171
115 277
272 656
55 344
55 346
55 408
96 223
58 902
58 904
58 942
330 812
68 422
68 424
68 509
90 747
90 749
90 902
139 351
209 695
306 992
386 955
83 337
83 339
83 370
216 627
292 616
336 899
32 206
32 208
32 244
85 345
85 347
85 452
100 405
100 407
100 446
86 715
86 717
86 895
140 565
140 567
140 798
126 509
126 511
126 645
39 636
39 638
39 651
77 156
175 487
191 434
353 980
159 327
168 563
89 318
195 785
195 787
195 821
410 901
7 384
7 386
7 416
131 800
131 802
131 832
413 981
16 69
16 71
16 77
102 627
362 862
281 867
56 737
56 739
56 749
192 773
192 775
192 999
187 518
170 685
170 687
170 964
306 907
164 661
164 663
164 676
92 566
92 568
92 640
218 877
218 879
218 991
26 377
26 379
26 442
253 663
68 422
68 424
68 528
27 243
27 245
27 303
73 941
73 943
73 949
120 734
120 736
120 919
25 875
25 877
25 905
136 306
360 996
84 518
84 520
84 617
100 827
100 829
100 986
399 841
163 478
69 893
69 895
69 974
179 544
318 768
19 81
19 83
19 97
241 558
175 364
214 514
139 848
139 850
139 913
9 314
9 316
9 321
218 542
153 932
153 934
153 938
202 813
202 815
202 910
33 374
33 376
33 403
205 712
328 975
334 820
151 609
151 611
151 779
158 606
23 342
159 348
146 356
279 704
246 989
246 991
246 1000
208 749
66 704
66 706
66 769
251 756
76 635
76 637
76 707
79 834
79 836
79 914
21 89
21 91
21 133
19 424
304 891
295 816
37 929
37 931
37 942
89 361
89 363
89 372
103 385
347 954
187 753
187 755
187 764
294 937
202 686
187 466
40 347
40 349
40 358
61 654
61 656
61 776
120 367
313 851
219 580
152 588
230 619
387 814
211 727
331 848
189 638
279 695
8 630
297 923
191 591
125 836
229 935
152 672
129 436
15 573
88 635
12 790
280 575
280 995
135 299
285 720
79 748
305 761
84 339
45 181
212 784
76 733
45 525
367 746
157 402
211 727
195 620
247 832
341 869
76 868
257 717
87 972
47 403
86 346
110 547
226 647
393 944
189 581
180 665
109 467
229 961
243 827
230 991
23 676
121 643
353 968
353 924
236 818
18 918
220 740
421 992
370 748
116 288
214 629
282 692
170 697
248 662
423 946
61 261
390 844
221 515
312 731
241 543
325 671
121 287
102 547
133 844
107 940
304 937
19 236
190 598
134 296
282 639
416 985
404 869
295 908
197 999
163 643
130 364
169 954
236 917
15 351
167 578
344 698
9 435
456 946
202 950
358 798
100 843
107 930
103 448
323 749
243 550
104 587
165 776
383 889
350 918
121 769
342 722
5 509
115 657
365 992
144 477
390 781
336 904
105 986
220 851
161 745
2 477
90 382
242 490
114 746
187 781
471 984
105 612
81 684
111 236
48 349
46 789
240 787
163 960
328 739
120 412
170 495
65 641
373 751
3 497
212 702
41 843
101 663
112 681
48 227
293 910
49 324
68 887
227 833
56 685
16 309
295 843
169 397
1 571
130 807
25 807
414 858
33 391
92 837
292 876
195 646
321 699
109 665
110 563
265 869
203 513
178 482
193 694
181 447
97 796
302 822
56 220
151 386
299 917
355 788
128 663
75 205
13 714
269 652
111 774
88 899
47 779
231 728
179 528
264 905
222 504
58 927
238 477
230 518
356 909
200 542
197 426
357 756
184 776
341 713
251 919
59 900
2 105
340 885
312 957
92 812
243 908
75 179
75 379
51 329
298 733
462 989
262 653
237 781
344 795
21 357
449 914
301 911
127 903
158 726
256 829
50 948
132 399
168 744
241 688
152 590
56 839
117 412
389 940
34 557
115 650
252 675
59 288
15 731
17 818
203 870
431 926
328 963
87 560
258 769
92 292
366 815
268 858
336 819
189 485
24 117
203 487
97 366
277 990
265 551
398 842
188 535
253 608
142 323
105 807
154 431
6 365
235 536
122 746
54 700
187 449
188 692
21 226
75 871
107 571
333 859
22 248
266 896
57 430
424 915
331 982
257 595
247 601
178 721
14 110
92 717
10 745
360 735
314 725
325 695
346 785
273 610
462 962
122 945
231 561
56 199
418 948
339 700
180 420
16 155
16 880
478 961
32 882
30 502
390 905
140 981
23 485
104 213
65 768
4 129
83 211
454 979
36 129
160 690
33 195
179 961
164 639
132 942
164 782
141 815
173 541
253 633
408 883
335 679
62 262
68 787
48 852
382 913
155 337
126 601
119 355
98 723
255 535
84 430
260 627
300 928
135 339
197 439
146 734
22 512
93 431
227 632
80 286
34 639
267 547
301 878
113 342
82 207
49 565
39 232
72 692
251 940
124 292
151 496
2 87
2 727
91 294
27 380
16 106
23 120
48 644
241 666
295 617
1 587
71 418
56 978
131 414
391 953
50 835
297 720
100 300
107 966
255 829
263 631
116 358
94 464
209 495
223 726
83 452
257 639
226 761
146 806
153 943
411 899
134 461
215 594
214 431
86 930
315 821
7 761
276 838
441 950
38 211
30 353
110 882
232 568
430 948
335 946
12 822
361 745
89 881
94 557
153 341
113 948
137 847
209 748
351 746
89 424
8 147
47 378
56 212
8 737
26 220
469 941
78 648
80 639
66 721
129 774
361 794
360 858
307 780
219 498
77 480
154 773
149 731
97 422
289 889
77 278
365 1000
74 184
137 735
25 820
27 759
54 735
219 468
18 692
67 191
135 612
66 806
234 908
122 698
229 808
219 605
112 730
157 722
209 568
150 988
229 981
176 555
113 705
51 322
206 774
12 920
418 989
204 632
34 332
95 736
103 407
334 732
54 519
192 992
325 656
115 793
22 661
220 936
148 522
12 792
110 656
178 993
113 961
48 760
208 842
34 717
94 274
154 538
248 831
239 858
68 747
121 859
36 568
232 696
384 874
264 620
104 376
